0,0,0 = 0,0,0
0,0,0.1 = 240,1,0.1
0,0,0.2 = 240,1,0.2
0,0,0.3 = 240,1,0.3
0,0,0.4 = 240,1,0.4
0,0,0.5 = 240,1,0.5
0,0,0.6 = 240,1,0.6
0,0,0.7 = 240,1,0.7
0,0,0.8 = 240,1,0.8
0,0,0.9 = 240,1,0.9
0,0,1 = 240,1,1
0,0.1,0 = 120,1,0.1
0,0.1,0.1 = 180,1,0.1
0,0.1,0.2 = 210,1,0.2
0,0.1,0.3 = 220,1,0.3
0,0.1,0.4 = 225,1,0.4
0,0.1,0.5 = 228,1,0.5
0,0.1,0.6 = 230,1,0.6
0,0.1,0.7 = 231.428571428571,1,0.7
0,0.1,0.8 = 232.5,1,0.8
0,0.1,0.9 = 233.333333333333,1,0.9
0,0.1,1 = 234,1,1
0,0.2,0 = 120,1,0.2
0,0.2,0.1 = 150,1,0.2
0,0.2,0.2 = 180,1,0.2
0,0.2,0.3 = 200,1,0.3
0,0.2,0.4 = 210,1,0.4
0,0.2,0.5 = 216,1,0.5
0,0.2,0.6 = 220,1,0.6
0,0.2,0.7 = 222.857142857143,1,0.7
0,0.2,0.8 = 225,1,0.8
0,0.2,0.9 = 226.666666666667,1,0.9
0,0.2,1 = 228,1,1
0,0.3,0 = 120,1,0.3
0,0.3,0.1 = 140,1,0.3
0,0.3,0.2 = 160,1,0.3
0,0.3,0.3 = 180,1,0.3
0,0.3,0.4 = 195,1,0.4
0,0.3,0.5 = 204,1,0.5
0,0.3,0.6 = 210,1,0.6
0,0.3,0.7 = 214.285714285714,1,0.7
0,0.3,0.8 = 217.5,1,0.8
0,0.3,0.9 = 220,1,0.9
0,0.3,1 = 222,1,1
0,0.4,0 = 120,1,0.4
0,0.4,0.1 = 135,1,0.4
0,0.4,0.2 = 150,1,0.4
0,0.4,0.3 = 165,1,0.4
0,0.4,0.4 = 180,1,0.4
0,0.4,0.5 = 192,1,0.5
0,0.4,0.6 = 200,1,0.6
0,0.4,0.7 = 205.714285714286,1,0.7
0,0.4,0.8 = 210,1,0.8
0,0.4,0.9 = 213.333333333333,1,0.9
0,0.4,1 = 216,1,1
0,0.5,0 = 120,1,0.5
0,0.5,0.1 = 132,1,0.5
0,0.5,0.2 = 144,1,0.5
0,0.5,0.3 = 156,1,0.5
0,0.5,0.4 = 168,1,0.5
0,0.5,0.5 = 180,1,0.5
0,0.5,0.6 = 190,1,0.6
0,0.5,0.7 = 197.142857142857,1,0.7
0,0.5,0.8 = 202.5,1,0.8
0,0.5,0.9 = 206.666666666667,1,0.9
0,0.5,1 = 210,1,1
0,0.6,0 = 120,1,0.6
0,0.6,0.1 = 130,1,0.6
0,0.6,0.2 = 140,1,0.6
0,0.6,0.3 = 150,1,0.6
0,0.6,0.4 = 160,1,0.6
0,0.6,0.5 = 170,1,0.6
0,0.6,0.6 = 180,1,0.6
0,0.6,0.7 = 188.571428571429,1,0.7
0,0.6,0.8 = 195,1,0.8
0,0.6,0.9 = 200,1,0.9
0,0.6,1 = 204,1,1
0,0.7,0 = 120,1,0.7
0,0.7,0.1 = 128.571428571429,1,0.7
0,0.7,0.2 = 137.142857142857,1,0.7
0,0.7,0.3 = 145.714285714286,1,0.7
0,0.7,0.4 = 154.285714285714,1,0.7
0,0.7,0.5 = 162.857142857143,1,0.7
0,0.7,0.6 = 171.428571428571,1,0.7
0,0.7,0.7 = 180,1,0.7
0,0.7,0.8 = 187.5,1,0.8
0,0.7,0.9 = 193.333333333333,1,0.9
0,0.7,1 = 198,1,1
0,0.8,0 = 120,1,0.8
0,0.8,0.1 = 127.5,1,0.8
0,0.8,0.2 = 135,1,0.8
0,0.8,0.3 = 142.5,1,0.8
0,0.8,0.4 = 150,1,0.8
0,0.8,0.5 = 157.5,1,0.8
0,0.8,0.6 = 165,1,0.8
0,0.8,0.7 = 172.5,1,0.8
0,0.8,0.8 = 180,1,0.8
0,0.8,0.9 = 186.666666666667,1,0.9
0,0.8,1 = 192,1,1
0,0.9,0 = 120,1,0.9
0,0.9,0.1 = 126.666666666667,1,0.9
0,0.9,0.2 = 133.333333333333,1,0.9
0,0.9,0.3 = 140,1,0.9
0,0.9,0.4 = 146.666666666667,1,0.9
0,0.9,0.5 = 153.333333333333,1,0.9
0,0.9,0.6 = 160,1,0.9
0,0.9,0.7 = 166.666666666667,1,0.9
0,0.9,0.8 = 173.333333333333,1,0.9
0,0.9,0.9 = 180,1,0.9
0,0.9,1 = 186,1,1
0,1,0 = 120,1,1
0,1,0.1 = 126,1,1
0,1,0.2 = 132,1,1
0,1,0.3 = 138,1,1
0,1,0.4 = 144,1,1
0,1,0.5 = 150,1,1
0,1,0.6 = 156,1,1
0,1,0.7 = 162,1,1
0,1,0.8 = 168,1,1
0,1,0.9 = 174,1,1
0,1,1 = 180,1,1
0.1,0,0 = 0,1,0.1
0.1,0,0.1 = 300,1,0.1
0.1,0,0.2 = 270,1,0.2
0.1,0,0.3 = 260,1,0.3
0.1,0,0.4 = 255,1,0.4
0.1,0,0.5 = 252,1,0.5
0.1,0,0.6 = 250,1,0.6
0.1,0,0.7 = 248.571428571429,1,0.7
0.1,0,0.8 = 247.5,1,0.8
0.1,0,0.9 = 246.666666666667,1,0.9
0.1,0,1 = 246,1,1
0.1,0.1,0 = 60,1,0.1
0.1,0.1,0.1 = 0,0,0.1
0.1,0.1,0.2 = 240,0.5,0.2
0.1,0.1,0.3 = 240,0.666666666666667,0.3
0.1,0.1,0.4 = 240,0.75,0.4
0.1,0.1,0.5 = 240,0.8,0.5
0.1,0.1,0.6 = 240,0.833333333333333,0.6
0.1,0.1,0.7 = 240,0.857142857142857,0.7
0.1,0.1,0.8 = 240,0.875,0.8
0.1,0.1,0.9 = 240,0.888888888888889,0.9
0.1,0.1,1 = 240,0.9,1
0.1,0.2,0 = 90,1,0.2
0.1,0.2,0.1 = 120,0.5,0.2
0.1,0.2,0.2 = 180,0.5,0.2
0.1,0.2,0.3 = 210,0.666666666666667,0.3
0.1,0.2,0.4 = 220,0.75,0.4
0.1,0.2,0.5 = 225,0.8,0.5
0.1,0.2,0.6 = 228,0.833333333333333,0.6
0.1,0.2,0.7 = 230,0.857142857142857,0.7
0.1,0.2,0.8 = 231.428571428571,0.875,0.8
0.1,0.2,0.9 = 232.5,0.888888888888889,0.9
0.1,0.2,1 = 233.333333333333,0.9,1
0.1,0.3,0 = 100,1,0.3
0.1,0.3,0.1 = 120,0.666666666666667,0.3
0.1,0.3,0.2 = 150,0.666666666666667,0.3
0.1,0.3,0.3 = 180,0.666666666666667,0.3
0.1,0.3,0.4 = 200,0.75,0.4
0.1,0.3,0.5 = 210,0.8,0.5
0.1,0.3,0.6 = 216,0.833333333333333,0.6
0.1,0.3,0.7 = 220,0.857142857142857,0.7
0.1,0.3,0.8 = 222.857142857143,0.875,0.8
0.1,0.3,0.9 = 225,0.888888888888889,0.9
0.1,0.3,1 = 226.666666666667,0.9,1
0.1,0.4,0 = 105,1,0.4
0.1,0.4,0.1 = 120,0.75,0.4
0.1,0.4,0.2 = 140,0.75,0.4
0.1,0.4,0.3 = 160,0.75,0.4
0.1,0.4,0.4 = 180,0.75,0.4
0.1,0.4,0.5 = 195,0.8,0.5
0.1,0.4,0.6 = 204,0.833333333333333,0.6
0.1,0.4,0.7 = 210,0.857142857142857,0.7
0.1,0.4,0.8 = 214.285714285714,0.875,0.8
0.1,0.4,0.9 = 217.5,0.888888888888889,0.9
0.1,0.4,1 = 220,0.9,1
0.1,0.5,0 = 108,1,0.5
0.1,0.5,0.1 = 120,0.8,0.5
0.1,0.5,0.2 = 135,0.8,0.5
0.1,0.5,0.3 = 150,0.8,0.5
0.1,0.5,0.4 = 165,0.8,0.5
0.1,0.5,0.5 = 180,0.8,0.5
0.1,0.5,0.6 = 192,0.833333333333333,0.6
0.1,0.5,0.7 = 200,0.857142857142857,0.7
0.1,0.5,0.8 = 205.714285714286,0.875,0.8
0.1,0.5,0.9 = 210,0.888888888888889,0.9
0.1,0.5,1 = 213.333333333333,0.9,1
0.1,0.6,0 = 110,1,0.6
0.1,0.6,0.1 = 120,0.833333333333333,0.6
0.1,0.6,0.2 = 132,0.833333333333333,0.6
0.1,0.6,0.3 = 144,0.833333333333333,0.6
0.1,0.6,0.4 = 156,0.833333333333333,0.6
0.1,0.6,0.5 = 168,0.833333333333333,0.6
0.1,0.6,0.6 = 180,0.833333333333333,0.6
0.1,0.6,0.7 = 190,0.857142857142857,0.7
0.1,0.6,0.8 = 197.142857142857,0.875,0.8
0.1,0.6,0.9 = 202.5,0.888888888888889,0.9
0.1,0.6,1 = 206.666666666667,0.9,1
0.1,0.7,0 = 111.428571428571,1,0.7
0.1,0.7,0.1 = 120,0.857142857142857,0.7
0.1,0.7,0.2 = 130,0.857142857142857,0.7
0.1,0.7,0.3 = 140,0.857142857142857,0.7
0.1,0.7,0.4 = 150,0.857142857142857,0.7
0.1,0.7,0.5 = 160,0.857142857142857,0.7
0.1,0.7,0.6 = 170,0.857142857142857,0.7
0.1,0.7,0.7 = 180,0.857142857142857,0.7
0.1,0.7,0.8 = 188.571428571429,0.875,0.8
0.1,0.7,0.9 = 195,0.888888888888889,0.9
0.1,0.7,1 = 200,0.9,1
0.1,0.8,0 = 112.5,1,0.8
0.1,0.8,0.1 = 120,0.875,0.8
0.1,0.8,0.2 = 128.571428571429,0.875,0.8
0.1,0.8,0.3 = 137.142857142857,0.875,0.8
0.1,0.8,0.4 = 145.714285714286,0.875,0.8
0.1,0.8,0.5 = 154.285714285714,0.875,0.8
0.1,0.8,0.6 = 162.857142857143,0.875,0.8
0.1,0.8,0.7 = 171.428571428571,0.875,0.8
0.1,0.8,0.8 = 180,0.875,0.8
0.1,0.8,0.9 = 187.5,0.888888888888889,0.9
0.1,0.8,1 = 193.333333333333,0.9,1
0.1,0.9,0 = 113.333333333333,1,0.9
0.1,0.9,0.1 = 120,0.888888888888889,0.9
0.1,0.9,0.2 = 127.5,0.888888888888889,0.9
0.1,0.9,0.3 = 135,0.888888888888889,0.9
0.1,0.9,0.4 = 142.5,0.888888888888889,0.9
0.1,0.9,0.5 = 150,0.888888888888889,0.9
0.1,0.9,0.6 = 157.5,0.888888888888889,0.9
0.1,0.9,0.7 = 165,0.888888888888889,0.9
0.1,0.9,0.8 = 172.5,0.888888888888889,0.9
0.1,0.9,0.9 = 180,0.888888888888889,0.9
0.1,0.9,1 = 186.666666666667,0.9,1
0.1,1,0 = 114,1,1
0.1,1,0.1 = 120,0.9,1
0.1,1,0.2 = 126.666666666667,0.9,1
0.1,1,0.3 = 133.333333333333,0.9,1
0.1,1,0.4 = 140,0.9,1
0.1,1,0.5 = 146.666666666667,0.9,1
0.1,1,0.6 = 153.333333333333,0.9,1
0.1,1,0.7 = 160,0.9,1
0.1,1,0.8 = 166.666666666667,0.9,1
0.1,1,0.9 = 173.333333333333,0.9,1
0.1,1,1 = 180,0.9,1
0.2,0,0 = 0,1,0.2
0.2,0,0.1 = 330,1,0.2
0.2,0,0.2 = 300,1,0.2
0.2,0,0.3 = 280,1,0.3
0.2,0,0.4 = 270,1,0.4
0.2,0,0.5 = 264,1,0.5
0.2,0,0.6 = 260,1,0.6
0.2,0,0.7 = 257.142857142857,1,0.7
0.2,0,0.8 = 255,1,0.8
0.2,0,0.9 = 253.333333333333,1,0.9
0.2,0,1 = 252,1,1
0.2,0.1,0 = 30,1,0.2
0.2,0.1,0.1 = 0,0.5,0.2
0.2,0.1,0.2 = 300,0.5,0.2
0.2,0.1,0.3 = 270,0.666666666666667,0.3
0.2,0.1,0.4 = 260,0.75,0.4
0.2,0.1,0.5 = 255,0.8,0.5
0.2,0.1,0.6 = 252,0.833333333333333,0.6
0.2,0.1,0.7 = 250,0.857142857142857,0.7
0.2,0.1,0.8 = 248.571428571429,0.875,0.8
0.2,0.1,0.9 = 247.5,0.888888888888889,0.9
0.2,0.1,1 = 246.666666666667,0.9,1
0.2,0.2,0 = 60,1,0.2
0.2,0.2,0.1 = 60,0.5,0.2
0.2,0.2,0.2 = 0,0,0.2
0.2,0.2,0.3 = 240,0.333333333333333,0.3
0.2,0.2,0.4 = 240,0.5,0.4
0.2,0.2,0.5 = 240,0.6,0.5
0.2,0.2,0.6 = 240,0.666666666666667,0.6
0.2,0.2,0.7 = 240,0.714285714285714,0.7
0.2,0.2,0.8 = 240,0.75,0.8
0.2,0.2,0.9 = 240,0.777777777777778,0.9
0.2,0.2,1 = 240,0.8,1
0.2,0.3,0 = 80,1,0.3
0.2,0.3,0.1 = 90,0.666666666666667,0.3
0.2,0.3,0.2 = 120,0.333333333333333,0.3
0.2,0.3,0.3 = 180,0.333333333333333,0.3
0.2,0.3,0.4 = 210,0.5,0.4
0.2,0.3,0.5 = 220,0.6,0.5
0.2,0.3,0.6 = 225,0.666666666666667,0.6
0.2,0.3,0.7 = 228,0.714285714285714,0.7
0.2,0.3,0.8 = 230,0.75,0.8
0.2,0.3,0.9 = 231.428571428571,0.777777777777778,0.9
0.2,0.3,1 = 232.5,0.8,1
0.2,0.4,0 = 90,1,0.4
0.2,0.4,0.1 = 100,0.75,0.4
0.2,0.4,0.2 = 120,0.5,0.4
0.2,0.4,0.3 = 150,0.5,0.4
0.2,0.4,0.4 = 180,0.5,0.4
0.2,0.4,0.5 = 200,0.6,0.5
0.2,0.4,0.6 = 210,0.666666666666667,0.6
0.2,0.4,0.7 = 216,0.714285714285714,0.7
0.2,0.4,0.8 = 220,0.75,0.8
0.2,0.4,0.9 = 222.857142857143,0.777777777777778,0.9
0.2,0.4,1 = 225,0.8,1
0.2,0.5,0 = 96,1,0.5
0.2,0.5,0.1 = 105,0.8,0.5
0.2,0.5,0.2 = 120,0.6,0.5
0.2,0.5,0.3 = 140,0.6,0.5
0.2,0.5,0.4 = 160,0.6,0.5
0.2,0.5,0.5 = 180,0.6,0.5
0.2,0.5,0.6 = 195,0.666666666666667,0.6
0.2,0.5,0.7 = 204,0.714285714285714,0.7
0.2,0.5,0.8 = 210,0.75,0.8
0.2,0.5,0.9 = 214.285714285714,0.777777777777778,0.9
0.2,0.5,1 = 217.5,0.8,1
0.2,0.6,0 = 100,1,0.6
0.2,0.6,0.1 = 108,0.833333333333333,0.6
0.2,0.6,0.2 = 120,0.666666666666667,0.6
0.2,0.6,0.3 = 135,0.666666666666667,0.6
0.2,0.6,0.4 = 150,0.666666666666667,0.6
0.2,0.6,0.5 = 165,0.666666666666667,0.6
0.2,0.6,0.6 = 180,0.666666666666667,0.6
0.2,0.6,0.7 = 192,0.714285714285714,0.7
0.2,0.6,0.8 = 200,0.75,0.8
0.2,0.6,0.9 = 205.714285714286,0.777777777777778,0.9
0.2,0.6,1 = 210,0.8,1
0.2,0.7,0 = 102.857142857143,1,0.7
0.2,0.7,0.1 = 110,0.857142857142857,0.7
0.2,0.7,0.2 = 120,0.714285714285714,0.7
0.2,0.7,0.3 = 132,0.714285714285714,0.7
0.2,0.7,0.4 = 144,0.714285714285714,0.7
0.2,0.7,0.5 = 156,0.714285714285714,0.7
0.2,0.7,0.6 = 168,0.714285714285714,0.7
0.2,0.7,0.7 = 180,0.714285714285714,0.7
0.2,0.7,0.8 = 190,0.75,0.8
0.2,0.7,0.9 = 197.142857142857,0.777777777777778,0.9
0.2,0.7,1 = 202.5,0.8,1
0.2,0.8,0 = 105,1,0.8
0.2,0.8,0.1 = 111.428571428571,0.875,0.8
0.2,0.8,0.2 = 120,0.75,0.8
0.2,0.8,0.3 = 130,0.75,0.8
0.2,0.8,0.4 = 140,0.75,0.8
0.2,0.8,0.5 = 150,0.75,0.8
0.2,0.8,0.6 = 160,0.75,0.8
0.2,0.8,0.7 = 170,0.75,0.8
0.2,0.8,0.8 = 180,0.75,0.8
0.2,0.8,0.9 = 188.571428571429,0.777777777777778,0.9
0.2,0.8,1 = 195,0.8,1
0.2,0.9,0 = 106.666666666667,1,0.9
0.2,0.9,0.1 = 112.5,0.888888888888889,0.9
0.2,0.9,0.2 = 120,0.777777777777778,0.9
0.2,0.9,0.3 = 128.571428571429,0.777777777777778,0.9
0.2,0.9,0.4 = 137.142857142857,0.777777777777778,0.9
0.2,0.9,0.5 = 145.714285714286,0.777777777777778,0.9
0.2,0.9,0.6 = 154.285714285714,0.777777777777778,0.9
0.2,0.9,0.7 = 162.857142857143,0.777777777777778,0.9
0.2,0.9,0.8 = 171.428571428571,0.777777777777778,0.9
0.2,0.9,0.9 = 180,0.777777777777778,0.9
0.2,0.9,1 = 187.5,0.8,1
0.2,1,0 = 108,1,1
0.2,1,0.1 = 113.333333333333,0.9,1
0.2,1,0.2 = 120,0.8,1
0.2,1,0.3 = 127.5,0.8,1
0.2,1,0.4 = 135,0.8,1
0.2,1,0.5 = 142.5,0.8,1
0.2,1,0.6 = 150,0.8,1
0.2,1,0.7 = 157.5,0.8,1
0.2,1,0.8 = 165,0.8,1
0.2,1,0.9 = 172.5,0.8,1
0.2,1,1 = 180,0.8,1
0.3,0,0 = 0,1,0.3
0.3,0,0.1 = 340,1,0.3
0.3,0,0.2 = 320,1,0.3
0.3,0,0.3 = 300,1,0.3
0.3,0,0.4 = 285,1,0.4
0.3,0,0.5 = 276,1,0.5
0.3,0,0.6 = 270,1,0.6
0.3,0,0.7 = 265.714285714286,1,0.7
0.3,0,0.8 = 262.5,1,0.8
0.3,0,0.9 = 260,1,0.9
0.3,0,1 = 258,1,1
0.3,0.1,0 = 20,1,0.3
0.3,0.1,0.1 = 0,0.666666666666667,0.3
0.3,0.1,0.2 = 330,0.666666666666667,0.3
0.3,0.1,0.3 = 300,0.666666666666667,0.3
0.3,0.1,0.4 = 280,0.75,0.4
0.3,0.1,0.5 = 270,0.8,0.5
0.3,0.1,0.6 = 264,0.833333333333333,0.6
0.3,0.1,0.7 = 260,0.857142857142857,0.7
0.3,0.1,0.8 = 257.142857142857,0.875,0.8
0.3,0.1,0.9 = 255,0.888888888888889,0.9
0.3,0.1,1 = 253.333333333333,0.9,1
0.3,0.2,0 = 40,1,0.3
0.3,0.2,0.1 = 30,0.666666666666667,0.3
0.3,0.2,0.2 = 0,0.333333333333333,0.3
0.3,0.2,0.3 = 300,0.333333333333333,0.3
0.3,0.2,0.4 = 270,0.5,0.4
0.3,0.2,0.5 = 260,0.6,0.5
0.3,0.2,0.6 = 255,0.666666666666667,0.6
0.3,0.2,0.7 = 252,0.714285714285714,0.7
0.3,0.2,0.8 = 250,0.75,0.8
0.3,0.2,0.9 = 248.571428571429,0.777777777777778,0.9
0.3,0.2,1 = 247.5,0.8,1
0.3,0.3,0 = 60,1,0.3
0.3,0.3,0.1 = 60,0.666666666666667,0.3
0.3,0.3,0.2 = 60,0.333333333333333,0.3
0.3,0.3,0.3 = 0,0,0.3
0.3,0.3,0.4 = 240,0.25,0.4
0.3,0.3,0.5 = 240,0.4,0.5
0.3,0.3,0.6 = 240,0.5,0.6
0.3,0.3,0.7 = 240,0.571428571428571,0.7
0.3,0.3,0.8 = 240,0.625,0.8
0.3,0.3,0.9 = 240,0.666666666666667,0.9
0.3,0.3,1 = 240,0.7,1
0.3,0.4,0 = 75,1,0.4
0.3,0.4,0.1 = 80,0.75,0.4
0.3,0.4,0.2 = 90,0.5,0.4
0.3,0.4,0.3 = 120,0.25,0.4
0.3,0.4,0.4 = 180,0.25,0.4
0.3,0.4,0.5 = 210,0.4,0.5
0.3,0.4,0.6 = 220,0.5,0.6
0.3,0.4,0.7 = 225,0.571428571428571,0.7
0.3,0.4,0.8 = 228,0.625,0.8
0.3,0.4,0.9 = 230,0.666666666666667,0.9
0.3,0.4,1 = 231.428571428571,0.7,1
0.3,0.5,0 = 84,1,0.5
0.3,0.5,0.1 = 90,0.8,0.5
0.3,0.5,0.2 = 100,0.6,0.5
0.3,0.5,0.3 = 120,0.4,0.5
0.3,0.5,0.4 = 150,0.4,0.5
0.3,0.5,0.5 = 180,0.4,0.5
0.3,0.5,0.6 = 200,0.5,0.6
0.3,0.5,0.7 = 210,0.571428571428571,0.7
0.3,0.5,0.8 = 216,0.625,0.8
0.3,0.5,0.9 = 220,0.666666666666667,0.9
0.3,0.5,1 = 222.857142857143,0.7,1
0.3,0.6,0 = 90,1,0.6
0.3,0.6,0.1 = 96,0.833333333333333,0.6
0.3,0.6,0.2 = 105,0.666666666666667,0.6
0.3,0.6,0.3 = 120,0.5,0.6
0.3,0.6,0.4 = 140,0.5,0.6
0.3,0.6,0.5 = 160,0.5,0.6
0.3,0.6,0.6 = 180,0.5,0.6
0.3,0.6,0.7 = 195,0.571428571428571,0.7
0.3,0.6,0.8 = 204,0.625,0.8
0.3,0.6,0.9 = 210,0.666666666666667,0.9
0.3,0.6,1 = 214.285714285714,0.7,1
0.3,0.7,0 = 94.2857142857143,1,0.7
0.3,0.7,0.1 = 100,0.857142857142857,0.7
0.3,0.7,0.2 = 108,0.714285714285714,0.7
0.3,0.7,0.3 = 120,0.571428571428571,0.7
0.3,0.7,0.4 = 135,0.571428571428571,0.7
0.3,0.7,0.5 = 150,0.571428571428571,0.7
0.3,0.7,0.6 = 165,0.571428571428571,0.7
0.3,0.7,0.7 = 180,0.571428571428571,0.7
0.3,0.7,0.8 = 192,0.625,0.8
0.3,0.7,0.9 = 200,0.666666666666667,0.9
0.3,0.7,1 = 205.714285714286,0.7,1
0.3,0.8,0 = 97.5,1,0.8
0.3,0.8,0.1 = 102.857142857143,0.875,0.8
0.3,0.8,0.2 = 110,0.75,0.8
0.3,0.8,0.3 = 120,0.625,0.8
0.3,0.8,0.4 = 132,0.625,0.8
0.3,0.8,0.5 = 144,0.625,0.8
0.3,0.8,0.6 = 156,0.625,0.8
0.3,0.8,0.7 = 168,0.625,0.8
0.3,0.8,0.8 = 180,0.625,0.8
0.3,0.8,0.9 = 190,0.666666666666667,0.9
0.3,0.8,1 = 197.142857142857,0.7,1
0.3,0.9,0 = 100,1,0.9
0.3,0.9,0.1 = 105,0.888888888888889,0.9
0.3,0.9,0.2 = 111.428571428571,0.777777777777778,0.9
0.3,0.9,0.3 = 120,0.666666666666667,0.9
0.3,0.9,0.4 = 130,0.666666666666667,0.9
0.3,0.9,0.5 = 140,0.666666666666667,0.9
0.3,0.9,0.6 = 150,0.666666666666667,0.9
0.3,0.9,0.7 = 160,0.666666666666667,0.9
0.3,0.9,0.8 = 170,0.666666666666667,0.9
0.3,0.9,0.9 = 180,0.666666666666667,0.9
0.3,0.9,1 = 188.571428571429,0.7,1
0.3,1,0 = 102,1,1
0.3,1,0.1 = 106.666666666667,0.9,1
0.3,1,0.2 = 112.5,0.8,1
0.3,1,0.3 = 120,0.7,1
0.3,1,0.4 = 128.571428571429,0.7,1
0.3,1,0.5 = 137.142857142857,0.7,1
0.3,1,0.6 = 145.714285714286,0.7,1
0.3,1,0.7 = 154.285714285714,0.7,1
0.3,1,0.8 = 162.857142857143,0.7,1
0.3,1,0.9 = 171.428571428571,0.7,1
0.3,1,1 = 180,0.7,1
0.4,0,0 = 0,1,0.4
0.4,0,0.1 = 345,1,0.4
0.4,0,0.2 = 330,1,0.4
0.4,0,0.3 = 315,1,0.4
0.4,0,0.4 = 300,1,0.4
0.4,0,0.5 = 288,1,0.5
0.4,0,0.6 = 280,1,0.6
0.4,0,0.7 = 274.285714285714,1,0.7
0.4,0,0.8 = 270,1,0.8
0.4,0,0.9 = 266.666666666667,1,0.9
0.4,0,1 = 264,1,1
0.4,0.1,0 = 15,1,0.4
0.4,0.1,0.1 = 0,0.75,0.4
0.4,0.1,0.2 = 340,0.75,0.4
0.4,0.1,0.3 = 320,0.75,0.4
0.4,0.1,0.4 = 300,0.75,0.4
0.4,0.1,0.5 = 285,0.8,0.5
0.4,0.1,0.6 = 276,0.833333333333333,0.6
0.4,0.1,0.7 = 270,0.857142857142857,0.7
0.4,0.1,0.8 = 265.714285714286,0.875,0.8
0.4,0.1,0.9 = 262.5,0.888888888888889,0.9
0.4,0.1,1 = 260,0.9,1
0.4,0.2,0 = 30,1,0.4
0.4,0.2,0.1 = 20,0.75,0.4
0.4,0.2,0.2 = 0,0.5,0.4
0.4,0.2,0.3 = 330,0.5,0.4
0.4,0.2,0.4 = 300,0.5,0.4
0.4,0.2,0.5 = 280,0.6,0.5
0.4,0.2,0.6 = 270,0.666666666666667,0.6
0.4,0.2,0.7 = 264,0.714285714285714,0.7
0.4,0.2,0.8 = 260,0.75,0.8
0.4,0.2,0.9 = 257.142857142857,0.777777777777778,0.9
0.4,0.2,1 = 255,0.8,1
0.4,0.3,0 = 45,1,0.4
0.4,0.3,0.1 = 40,0.75,0.4
0.4,0.3,0.2 = 30,0.5,0.4
0.4,0.3,0.3 = 0,0.25,0.4
0.4,0.3,0.4 = 300,0.25,0.4
0.4,0.3,0.5 = 270,0.4,0.5
0.4,0.3,0.6 = 260,0.5,0.6
0.4,0.3,0.7 = 255,0.571428571428571,0.7
0.4,0.3,0.8 = 252,0.625,0.8
0.4,0.3,0.9 = 250,0.666666666666667,0.9
0.4,0.3,1 = 248.571428571429,0.7,1
0.4,0.4,0 = 60,1,0.4
0.4,0.4,0.1 = 60,0.75,0.4
0.4,0.4,0.2 = 60,0.5,0.4
0.4,0.4,0.3 = 60,0.25,0.4
0.4,0.4,0.4 = 0,0,0.4
0.4,0.4,0.5 = 240,0.2,0.5
0.4,0.4,0.6 = 240,0.333333333333333,0.6
0.4,0.4,0.7 = 240,0.428571428571428,0.7
0.4,0.4,0.8 = 240,0.5,0.8
0.4,0.4,0.9 = 240,0.555555555555555,0.9
0.4,0.4,1 = 240,0.6,1
0.4,0.5,0 = 72,1,0.5
0.4,0.5,0.1 = 75,0.8,0.5
0.4,0.5,0.2 = 80,0.6,0.5
0.4,0.5,0.3 = 90,0.4,0.5
0.4,0.5,0.4 = 120,0.2,0.5
0.4,0.5,0.5 = 180,0.2,0.5
0.4,0.5,0.6 = 210,0.333333333333333,0.6
0.4,0.5,0.7 = 220,0.428571428571428,0.7
0.4,0.5,0.8 = 225,0.5,0.8
0.4,0.5,0.9 = 228,0.555555555555555,0.9
0.4,0.5,1 = 230,0.6,1
0.4,0.6,0 = 80,1,0.6
0.4,0.6,0.1 = 84,0.833333333333333,0.6
0.4,0.6,0.2 = 90,0.666666666666667,0.6
0.4,0.6,0.3 = 100,0.5,0.6
0.4,0.6,0.4 = 120,0.333333333333333,0.6
0.4,0.6,0.5 = 150,0.333333333333333,0.6
0.4,0.6,0.6 = 180,0.333333333333333,0.6
0.4,0.6,0.7 = 200,0.428571428571428,0.7
0.4,0.6,0.8 = 210,0.5,0.8
0.4,0.6,0.9 = 216,0.555555555555555,0.9
0.4,0.6,1 = 220,0.6,1
0.4,0.7,0 = 85.7142857142857,1,0.7
0.4,0.7,0.1 = 90,0.857142857142857,0.7
0.4,0.7,0.2 = 96,0.714285714285714,0.7
0.4,0.7,0.3 = 105,0.571428571428571,0.7
0.4,0.7,0.4 = 120,0.428571428571428,0.7
0.4,0.7,0.5 = 140,0.428571428571428,0.7
0.4,0.7,0.6 = 160,0.428571428571428,0.7
0.4,0.7,0.7 = 180,0.428571428571428,0.7
0.4,0.7,0.8 = 195,0.5,0.8
0.4,0.7,0.9 = 204,0.555555555555555,0.9
0.4,0.7,1 = 210,0.6,1
0.4,0.8,0 = 90,1,0.8
0.4,0.8,0.1 = 94.2857142857143,0.875,0.8
0.4,0.8,0.2 = 100,0.75,0.8
0.4,0.8,0.3 = 108,0.625,0.8
0.4,0.8,0.4 = 120,0.5,0.8
0.4,0.8,0.5 = 135,0.5,0.8
0.4,0.8,0.6 = 150,0.5,0.8
0.4,0.8,0.7 = 165,0.5,0.8
0.4,0.8,0.8 = 180,0.5,0.8
0.4,0.8,0.9 = 192,0.555555555555555,0.9
0.4,0.8,1 = 200,0.6,1
0.4,0.9,0 = 93.3333333333333,1,0.9
0.4,0.9,0.1 = 97.5,0.888888888888889,0.9
0.4,0.9,0.2 = 102.857142857143,0.777777777777778,0.9
0.4,0.9,0.3 = 110,0.666666666666667,0.9
0.4,0.9,0.4 = 120,0.555555555555555,0.9
0.4,0.9,0.5 = 132,0.555555555555555,0.9
0.4,0.9,0.6 = 144,0.555555555555555,0.9
0.4,0.9,0.7 = 156,0.555555555555555,0.9
0.4,0.9,0.8 = 168,0.555555555555555,0.9
0.4,0.9,0.9 = 180,0.555555555555555,0.9
0.4,0.9,1 = 190,0.6,1
0.4,1,0 = 96,1,1
0.4,1,0.1 = 100,0.9,1
0.4,1,0.2 = 105,0.8,1
0.4,1,0.3 = 111.428571428571,0.7,1
0.4,1,0.4 = 120,0.6,1
0.4,1,0.5 = 130,0.6,1
0.4,1,0.6 = 140,0.6,1
0.4,1,0.7 = 150,0.6,1
0.4,1,0.8 = 160,0.6,1
0.4,1,0.9 = 170,0.6,1
0.4,1,1 = 180,0.6,1
0.5,0,0 = 0,1,0.5
0.5,0,0.1 = 348,1,0.5
0.5,0,0.2 = 336,1,0.5
0.5,0,0.3 = 324,1,0.5
0.5,0,0.4 = 312,1,0.5
0.5,0,0.5 = 300,1,0.5
0.5,0,0.6 = 290,1,0.6
0.5,0,0.7 = 282.857142857143,1,0.7
0.5,0,0.8 = 277.5,1,0.8
0.5,0,0.9 = 273.333333333333,1,0.9
0.5,0,1 = 270,1,1
0.5,0.1,0 = 12,1,0.5
0.5,0.1,0.1 = 0,0.8,0.5
0.5,0.1,0.2 = 345,0.8,0.5
0.5,0.1,0.3 = 330,0.8,0.5
0.5,0.1,0.4 = 315,0.8,0.5
0.5,0.1,0.5 = 300,0.8,0.5
0.5,0.1,0.6 = 288,0.833333333333333,0.6
0.5,0.1,0.7 = 280,0.857142857142857,0.7
0.5,0.1,0.8 = 274.285714285714,0.875,0.8
0.5,0.1,0.9 = 270,0.888888888888889,0.9
0.5,0.1,1 = 266.666666666667,0.9,1
0.5,0.2,0 = 24,1,0.5
0.5,0.2,0.1 = 15,0.8,0.5
0.5,0.2,0.2 = 0,0.6,0.5
0.5,0.2,0.3 = 340,0.6,0.5
0.5,0.2,0.4 = 320,0.6,0.5
0.5,0.2,0.5 = 300,0.6,0.5
0.5,0.2,0.6 = 285,0.666666666666667,0.6
0.5,0.2,0.7 = 276,0.714285714285714,0.7
0.5,0.2,0.8 = 270,0.75,0.8
0.5,0.2,0.9 = 265.714285714286,0.777777777777778,0.9
0.5,0.2,1 = 262.5,0.8,1
0.5,0.3,0 = 36,1,0.5
0.5,0.3,0.1 = 30,0.8,0.5
0.5,0.3,0.2 = 20,0.6,0.5
0.5,0.3,0.3 = 0,0.4,0.5
0.5,0.3,0.4 = 330,0.4,0.5
0.5,0.3,0.5 = 300,0.4,0.5
0.5,0.3,0.6 = 280,0.5,0.6
0.5,0.3,0.7 = 270,0.571428571428571,0.7
0.5,0.3,0.8 = 264,0.625,0.8
0.5,0.3,0.9 = 260,0.666666666666667,0.9
0.5,0.3,1 = 257.142857142857,0.7,1
0.5,0.4,0 = 48,1,0.5
0.5,0.4,0.1 = 45,0.8,0.5
0.5,0.4,0.2 = 40,0.6,0.5
0.5,0.4,0.3 = 30,0.4,0.5
0.5,0.4,0.4 = 0,0.2,0.5
0.5,0.4,0.5 = 300,0.2,0.5
0.5,0.4,0.6 = 270,0.333333333333333,0.6
0.5,0.4,0.7 = 260,0.428571428571428,0.7
0.5,0.4,0.8 = 255,0.5,0.8
0.5,0.4,0.9 = 252,0.555555555555555,0.9
0.5,0.4,1 = 250,0.6,1
0.5,0.5,0 = 60,1,0.5
0.5,0.5,0.1 = 60,0.8,0.5
0.5,0.5,0.2 = 60,0.6,0.5
0.5,0.5,0.3 = 60,0.4,0.5
0.5,0.5,0.4 = 60,0.2,0.5
0.5,0.5,0.5 = 0,0,0.5
0.5,0.5,0.6 = 240,0.166666666666667,0.6
0.5,0.5,0.7 = 240,0.285714285714286,0.7
0.5,0.5,0.8 = 240,0.375,0.8
0.5,0.5,0.9 = 240,0.444444444444444,0.9
0.5,0.5,1 = 240,0.5,1
0.5,0.6,0 = 70,1,0.6
0.5,0.6,0.1 = 72,0.833333333333333,0.6
0.5,0.6,0.2 = 75,0.666666666666667,0.6
0.5,0.6,0.3 = 80,0.5,0.6
0.5,0.6,0.4 = 90,0.333333333333333,0.6
0.5,0.6,0.5 = 120,0.166666666666667,0.6
0.5,0.6,0.6 = 180,0.166666666666667,0.6
0.5,0.6,0.7 = 210,0.285714285714286,0.7
0.5,0.6,0.8 = 220,0.375,0.8
0.5,0.6,0.9 = 225,0.444444444444444,0.9
0.5,0.6,1 = 228,0.5,1
0.5,0.7,0 = 77.1428571428571,1,0.7
0.5,0.7,0.1 = 80,0.857142857142857,0.7
0.5,0.7,0.2 = 84,0.714285714285714,0.7
0.5,0.7,0.3 = 90,0.571428571428571,0.7
0.5,0.7,0.4 = 100,0.428571428571428,0.7
0.5,0.7,0.5 = 120,0.285714285714286,0.7
0.5,0.7,0.6 = 150,0.285714285714286,0.7
0.5,0.7,0.7 = 180,0.285714285714286,0.7
0.5,0.7,0.8 = 200,0.375,0.8
0.5,0.7,0.9 = 210,0.444444444444444,0.9
0.5,0.7,1 = 216,0.5,1
0.5,0.8,0 = 82.5,1,0.8
0.5,0.8,0.1 = 85.7142857142857,0.875,0.8
0.5,0.8,0.2 = 90,0.75,0.8
0.5,0.8,0.3 = 96,0.625,0.8
0.5,0.8,0.4 = 105,0.5,0.8
0.5,0.8,0.5 = 120,0.375,0.8
0.5,0.8,0.6 = 140,0.375,0.8
0.5,0.8,0.7 = 160,0.375,0.8
0.5,0.8,0.8 = 180,0.375,0.8
0.5,0.8,0.9 = 195,0.444444444444444,0.9
0.5,0.8,1 = 204,0.5,1
0.5,0.9,0 = 86.6666666666667,1,0.9
0.5,0.9,0.1 = 90,0.888888888888889,0.9
0.5,0.9,0.2 = 94.2857142857143,0.777777777777778,0.9
0.5,0.9,0.3 = 100,0.666666666666667,0.9
0.5,0.9,0.4 = 108,0.555555555555555,0.9
0.5,0.9,0.5 = 120,0.444444444444444,0.9
0.5,0.9,0.6 = 135,0.444444444444444,0.9
0.5,0.9,0.7 = 150,0.444444444444444,0.9
0.5,0.9,0.8 = 165,0.444444444444444,0.9
0.5,0.9,0.9 = 180,0.444444444444444,0.9
0.5,0.9,1 = 192,0.5,1
0.5,1,0 = 90,1,1
0.5,1,0.1 = 93.3333333333333,0.9,1
0.5,1,0.2 = 97.5,0.8,1
0.5,1,0.3 = 102.857142857143,0.7,1
0.5,1,0.4 = 110,0.6,1
0.5,1,0.5 = 120,0.5,1
0.5,1,0.6 = 132,0.5,1
0.5,1,0.7 = 144,0.5,1
0.5,1,0.8 = 156,0.5,1
0.5,1,0.9 = 168,0.5,1
0.5,1,1 = 180,0.5,1
0.6,0,0 = 0,1,0.6
0.6,0,0.1 = 350,1,0.6
0.6,0,0.2 = 340,1,0.6
0.6,0,0.3 = 330,1,0.6
0.6,0,0.4 = 320,1,0.6
0.6,0,0.5 = 310,1,0.6
0.6,0,0.6 = 300,1,0.6
0.6,0,0.7 = 291.428571428571,1,0.7
0.6,0,0.8 = 285,1,0.8
0.6,0,0.9 = 280,1,0.9
0.6,0,1 = 276,1,1
0.6,0.1,0 = 10,1,0.6
0.6,0.1,0.1 = 0,0.833333333333333,0.6
0.6,0.1,0.2 = 348,0.833333333333333,0.6
0.6,0.1,0.3 = 336,0.833333333333333,0.6
0.6,0.1,0.4 = 324,0.833333333333333,0.6
0.6,0.1,0.5 = 312,0.833333333333333,0.6
0.6,0.1,0.6 = 300,0.833333333333333,0.6
0.6,0.1,0.7 = 290,0.857142857142857,0.7
0.6,0.1,0.8 = 282.857142857143,0.875,0.8
0.6,0.1,0.9 = 277.5,0.888888888888889,0.9
0.6,0.1,1 = 273.333333333333,0.9,1
0.6,0.2,0 = 20,1,0.6
0.6,0.2,0.1 = 12,0.833333333333333,0.6
0.6,0.2,0.2 = 0,0.666666666666667,0.6
0.6,0.2,0.3 = 345,0.666666666666667,0.6
0.6,0.2,0.4 = 330,0.666666666666667,0.6
0.6,0.2,0.5 = 315,0.666666666666667,0.6
0.6,0.2,0.6 = 300,0.666666666666667,0.6
0.6,0.2,0.7 = 288,0.714285714285714,0.7
0.6,0.2,0.8 = 280,0.75,0.8
0.6,0.2,0.9 = 274.285714285714,0.777777777777778,0.9
0.6,0.2,1 = 270,0.8,1
0.6,0.3,0 = 30,1,0.6
0.6,0.3,0.1 = 24,0.833333333333333,0.6
0.6,0.3,0.2 = 15,0.666666666666667,0.6
0.6,0.3,0.3 = 0,0.5,0.6
0.6,0.3,0.4 = 340,0.5,0.6
0.6,0.3,0.5 = 320,0.5,0.6
0.6,0.3,0.6 = 300,0.5,0.6
0.6,0.3,0.7 = 285,0.571428571428571,0.7
0.6,0.3,0.8 = 276,0.625,0.8
0.6,0.3,0.9 = 270,0.666666666666667,0.9
0.6,0.3,1 = 265.714285714286,0.7,1
0.6,0.4,0 = 40,1,0.6
0.6,0.4,0.1 = 36,0.833333333333333,0.6
0.6,0.4,0.2 = 30,0.666666666666667,0.6
0.6,0.4,0.3 = 20,0.5,0.6
0.6,0.4,0.4 = 0,0.333333333333333,0.6
0.6,0.4,0.5 = 330,0.333333333333333,0.6
0.6,0.4,0.6 = 300,0.333333333333333,0.6
0.6,0.4,0.7 = 280,0.428571428571428,0.7
0.6,0.4,0.8 = 270,0.5,0.8
0.6,0.4,0.9 = 264,0.555555555555555,0.9
0.6,0.4,1 = 260,0.6,1
0.6,0.5,0 = 50,1,0.6
0.6,0.5,0.1 = 48,0.833333333333333,0.6
0.6,0.5,0.2 = 45,0.666666666666667,0.6
0.6,0.5,0.3 = 40,0.5,0.6
0.6,0.5,0.4 = 30,0.333333333333333,0.6
0.6,0.5,0.5 = 0,0.166666666666667,0.6
0.6,0.5,0.6 = 300,0.166666666666667,0.6
0.6,0.5,0.7 = 270,0.285714285714286,0.7
0.6,0.5,0.8 = 260,0.375,0.8
0.6,0.5,0.9 = 255,0.444444444444444,0.9
0.6,0.5,1 = 252,0.5,1
0.6,0.6,0 = 60,1,0.6
0.6,0.6,0.1 = 60,0.833333333333333,0.6
0.6,0.6,0.2 = 60,0.666666666666667,0.6
0.6,0.6,0.3 = 60,0.5,0.6
0.6,0.6,0.4 = 60,0.333333333333333,0.6
0.6,0.6,0.5 = 60,0.166666666666667,0.6
0.6,0.6,0.6 = 0,0,0.6
0.6,0.6,0.7 = 240,0.142857142857143,0.7
0.6,0.6,0.8 = 240,0.25,0.8
0.6,0.6,0.9 = 240,0.333333333333333,0.9
0.6,0.6,1 = 240,0.4,1
0.6,0.7,0 = 68.5714285714286,1,0.7
0.6,0.7,0.1 = 70,0.857142857142857,0.7
0.6,0.7,0.2 = 72,0.714285714285714,0.7
0.6,0.7,0.3 = 75,0.571428571428571,0.7
0.6,0.7,0.4 = 80,0.428571428571428,0.7
0.6,0.7,0.5 = 90,0.285714285714286,0.7
0.6,0.7,0.6 = 120,0.142857142857143,0.7
0.6,0.7,0.7 = 180,0.142857142857143,0.7
0.6,0.7,0.8 = 210,0.25,0.8
0.6,0.7,0.9 = 220,0.333333333333333,0.9
0.6,0.7,1 = 225,0.4,1
0.6,0.8,0 = 75,1,0.8
0.6,0.8,0.1 = 77.1428571428571,0.875,0.8
0.6,0.8,0.2 = 80,0.75,0.8
0.6,0.8,0.3 = 84,0.625,0.8
0.6,0.8,0.4 = 90,0.5,0.8
0.6,0.8,0.5 = 100,0.375,0.8
0.6,0.8,0.6 = 120,0.25,0.8
0.6,0.8,0.7 = 150,0.25,0.8
0.6,0.8,0.8 = 180,0.25,0.8
0.6,0.8,0.9 = 200,0.333333333333333,0.9
0.6,0.8,1 = 210,0.4,1
0.6,0.9,0 = 80,1,0.9
0.6,0.9,0.1 = 82.5,0.888888888888889,0.9
0.6,0.9,0.2 = 85.7142857142857,0.777777777777778,0.9
0.6,0.9,0.3 = 90,0.666666666666667,0.9
0.6,0.9,0.4 = 96,0.555555555555555,0.9
0.6,0.9,0.5 = 105,0.444444444444444,0.9
0.6,0.9,0.6 = 120,0.333333333333333,0.9
0.6,0.9,0.7 = 140,0.333333333333333,0.9
0.6,0.9,0.8 = 160,0.333333333333333,0.9
0.6,0.9,0.9 = 180,0.333333333333333,0.9
0.6,0.9,1 = 195,0.4,1
0.6,1,0 = 84,1,1
0.6,1,0.1 = 86.6666666666667,0.9,1
0.6,1,0.2 = 90,0.8,1
0.6,1,0.3 = 94.2857142857143,0.7,1
0.6,1,0.4 = 100,0.6,1
0.6,1,0.5 = 108,0.5,1
0.6,1,0.6 = 120,0.4,1
0.6,1,0.7 = 135,0.4,1
0.6,1,0.8 = 150,0.4,1
0.6,1,0.9 = 165,0.4,1
0.6,1,1 = 180,0.4,1
0.7,0,0 = 0,1,0.7
0.7,0,0.1 = 351.428571428571,1,0.7
0.7,0,0.2 = 342.857142857143,1,0.7
0.7,0,0.3 = 334.285714285714,1,0.7
0.7,0,0.4 = 325.714285714286,1,0.7
0.7,0,0.5 = 317.142857142857,1,0.7
0.7,0,0.6 = 308.571428571429,1,0.7
0.7,0,0.7 = 300,1,0.7
0.7,0,0.8 = 292.5,1,0.8
0.7,0,0.9 = 286.666666666667,1,0.9
0.7,0,1 = 282,1,1
0.7,0.1,0 = 8.57142857142857,1,0.7
0.7,0.1,0.1 = 0,0.857142857142857,0.7
0.7,0.1,0.2 = 350,0.857142857142857,0.7
0.7,0.1,0.3 = 340,0.857142857142857,0.7
0.7,0.1,0.4 = 330,0.857142857142857,0.7
0.7,0.1,0.5 = 320,0.857142857142857,0.7
0.7,0.1,0.6 = 310,0.857142857142857,0.7
0.7,0.1,0.7 = 300,0.857142857142857,0.7
0.7,0.1,0.8 = 291.428571428571,0.875,0.8
0.7,0.1,0.9 = 285,0.888888888888889,0.9
0.7,0.1,1 = 280,0.9,1
0.7,0.2,0 = 17.1428571428571,1,0.7
0.7,0.2,0.1 = 10,0.857142857142857,0.7
0.7,0.2,0.2 = 0,0.714285714285714,0.7
0.7,0.2,0.3 = 348,0.714285714285714,0.7
0.7,0.2,0.4 = 336,0.714285714285714,0.7
0.7,0.2,0.5 = 324,0.714285714285714,0.7
0.7,0.2,0.6 = 312,0.714285714285714,0.7
0.7,0.2,0.7 = 300,0.714285714285714,0.7
0.7,0.2,0.8 = 290,0.75,0.8
0.7,0.2,0.9 = 282.857142857143,0.777777777777778,0.9
0.7,0.2,1 = 277.5,0.8,1
0.7,0.3,0 = 25.7142857142857,1,0.7
0.7,0.3,0.1 = 20,0.857142857142857,0.7
0.7,0.3,0.2 = 12,0.714285714285714,0.7
0.7,0.3,0.3 = 0,0.571428571428571,0.7
0.7,0.3,0.4 = 345,0.571428571428571,0.7
0.7,0.3,0.5 = 330,0.571428571428571,0.7
0.7,0.3,0.6 = 315,0.571428571428571,0.7
0.7,0.3,0.7 = 300,0.571428571428571,0.7
0.7,0.3,0.8 = 288,0.625,0.8
0.7,0.3,0.9 = 280,0.666666666666667,0.9
0.7,0.3,1 = 274.285714285714,0.7,1
0.7,0.4,0 = 34.2857142857143,1,0.7
0.7,0.4,0.1 = 30,0.857142857142857,0.7
0.7,0.4,0.2 = 24,0.714285714285714,0.7
0.7,0.4,0.3 = 15,0.571428571428571,0.7
0.7,0.4,0.4 = 0,0.428571428571428,0.7
0.7,0.4,0.5 = 340,0.428571428571428,0.7
0.7,0.4,0.6 = 320,0.428571428571428,0.7
0.7,0.4,0.7 = 300,0.428571428571428,0.7
0.7,0.4,0.8 = 285,0.5,0.8
0.7,0.4,0.9 = 276,0.555555555555555,0.9
0.7,0.4,1 = 270,0.6,1
0.7,0.5,0 = 42.8571428571429,1,0.7
0.7,0.5,0.1 = 40,0.857142857142857,0.7
0.7,0.5,0.2 = 36,0.714285714285714,0.7
0.7,0.5,0.3 = 30,0.571428571428571,0.7
0.7,0.5,0.4 = 20,0.428571428571428,0.7
0.7,0.5,0.5 = 0,0.285714285714286,0.7
0.7,0.5,0.6 = 330,0.285714285714286,0.7
0.7,0.5,0.7 = 300,0.285714285714286,0.7
0.7,0.5,0.8 = 280,0.375,0.8
0.7,0.5,0.9 = 270,0.444444444444444,0.9
0.7,0.5,1 = 264,0.5,1
0.7,0.6,0 = 51.4285714285714,1,0.7
0.7,0.6,0.1 = 50,0.857142857142857,0.7
0.7,0.6,0.2 = 48,0.714285714285714,0.7
0.7,0.6,0.3 = 45,0.571428571428571,0.7
0.7,0.6,0.4 = 40,0.428571428571428,0.7
0.7,0.6,0.5 = 30,0.285714285714286,0.7
0.7,0.6,0.6 = 0,0.142857142857143,0.7
0.7,0.6,0.7 = 300,0.142857142857143,0.7
0.7,0.6,0.8 = 270,0.25,0.8
0.7,0.6,0.9 = 260,0.333333333333333,0.9
0.7,0.6,1 = 255,0.4,1
0.7,0.7,0 = 60,1,0.7
0.7,0.7,0.1 = 60,0.857142857142857,0.7
0.7,0.7,0.2 = 60,0.714285714285714,0.7
0.7,0.7,0.3 = 60,0.571428571428571,0.7
0.7,0.7,0.4 = 60,0.428571428571428,0.7
0.7,0.7,0.5 = 60,0.285714285714286,0.7
0.7,0.7,0.6 = 60,0.142857142857143,0.7
0.7,0.7,0.7 = 0,0,0.7
0.7,0.7,0.8 = 240,0.125,0.8
0.7,0.7,0.9 = 240,0.222222222222222,0.9
0.7,0.7,1 = 240,0.3,1
0.7,0.8,0 = 67.5,1,0.8
0.7,0.8,0.1 = 68.5714285714286,0.875,0.8
0.7,0.8,0.2 = 70,0.75,0.8
0.7,0.8,0.3 = 72,0.625,0.8
0.7,0.8,0.4 = 75,0.5,0.8
0.7,0.8,0.5 = 80,0.375,0.8
0.7,0.8,0.6 = 90,0.25,0.8
0.7,0.8,0.7 = 120,0.125,0.8
0.7,0.8,0.8 = 180,0.125,0.8
0.7,0.8,0.9 = 210,0.222222222222222,0.9
0.7,0.8,1 = 220,0.3,1
0.7,0.9,0 = 73.3333333333333,1,0.9
0.7,0.9,0.1 = 75,0.888888888888889,0.9
0.7,0.9,0.2 = 77.1428571428571,0.777777777777778,0.9
0.7,0.9,0.3 = 80,0.666666666666667,0.9
0.7,0.9,0.4 = 84,0.555555555555555,0.9
0.7,0.9,0.5 = 90,0.444444444444444,0.9
0.7,0.9,0.6 = 100,0.333333333333333,0.9
0.7,0.9,0.7 = 120,0.222222222222222,0.9
0.7,0.9,0.8 = 150,0.222222222222222,0.9
0.7,0.9,0.9 = 180,0.222222222222222,0.9
0.7,0.9,1 = 200,0.3,1
0.7,1,0 = 78,1,1
0.7,1,0.1 = 80,0.9,1
0.7,1,0.2 = 82.5,0.8,1
0.7,1,0.3 = 85.7142857142857,0.7,1
0.7,1,0.4 = 90,0.6,1
0.7,1,0.5 = 96,0.5,1
0.7,1,0.6 = 105,0.4,1
0.7,1,0.7 = 120,0.3,1
0.7,1,0.8 = 140,0.3,1
0.7,1,0.9 = 160,0.3,1
0.7,1,1 = 180,0.3,1
0.8,0,0 = 0,1,0.8
0.8,0,0.1 = 352.5,1,0.8
0.8,0,0.2 = 345,1,0.8
0.8,0,0.3 = 337.5,1,0.8
0.8,0,0.4 = 330,1,0.8
0.8,0,0.5 = 322.5,1,0.8
0.8,0,0.6 = 315,1,0.8
0.8,0,0.7 = 307.5,1,0.8
0.8,0,0.8 = 300,1,0.8
0.8,0,0.9 = 293.333333333333,1,0.9
0.8,0,1 = 288,1,1
0.8,0.1,0 = 7.5,1,0.8
0.8,0.1,0.1 = 0,0.875,0.8
0.8,0.1,0.2 = 351.428571428571,0.875,0.8
0.8,0.1,0.3 = 342.857142857143,0.875,0.8
0.8,0.1,0.4 = 334.285714285714,0.875,0.8
0.8,0.1,0.5 = 325.714285714286,0.875,0.8
0.8,0.1,0.6 = 317.142857142857,0.875,0.8
0.8,0.1,0.7 = 308.571428571429,0.875,0.8
0.8,0.1,0.8 = 300,0.875,0.8
0.8,0.1,0.9 = 292.5,0.888888888888889,0.9
0.8,0.1,1 = 286.666666666667,0.9,1
0.8,0.2,0 = 15,1,0.8
0.8,0.2,0.1 = 8.57142857142857,0.875,0.8
0.8,0.2,0.2 = 0,0.75,0.8
0.8,0.2,0.3 = 350,0.75,0.8
0.8,0.2,0.4 = 340,0.75,0.8
0.8,0.2,0.5 = 330,0.75,0.8
0.8,0.2,0.6 = 320,0.75,0.8
0.8,0.2,0.7 = 310,0.75,0.8
0.8,0.2,0.8 = 300,0.75,0.8
0.8,0.2,0.9 = 291.428571428571,0.777777777777778,0.9
0.8,0.2,1 = 285,0.8,1
0.8,0.3,0 = 22.5,1,0.8
0.8,0.3,0.1 = 17.1428571428571,0.875,0.8
0.8,0.3,0.2 = 10,0.75,0.8
0.8,0.3,0.3 = 0,0.625,0.8
0.8,0.3,0.4 = 348,0.625,0.8
0.8,0.3,0.5 = 336,0.625,0.8
0.8,0.3,0.6 = 324,0.625,0.8
0.8,0.3,0.7 = 312,0.625,0.8
0.8,0.3,0.8 = 300,0.625,0.8
0.8,0.3,0.9 = 290,0.666666666666667,0.9
0.8,0.3,1 = 282.857142857143,0.7,1
0.8,0.4,0 = 30,1,0.8
0.8,0.4,0.1 = 25.7142857142857,0.875,0.8
0.8,0.4,0.2 = 20,0.75,0.8
0.8,0.4,0.3 = 12,0.625,0.8
0.8,0.4,0.4 = 0,0.5,0.8
0.8,0.4,0.5 = 345,0.5,0.8
0.8,0.4,0.6 = 330,0.5,0.8
0.8,0.4,0.7 = 315,0.5,0.8
0.8,0.4,0.8 = 300,0.5,0.8
0.8,0.4,0.9 = 288,0.555555555555555,0.9
0.8,0.4,1 = 280,0.6,1
0.8,0.5,0 = 37.5,1,0.8
0.8,0.5,0.1 = 34.2857142857143,0.875,0.8
0.8,0.5,0.2 = 30,0.75,0.8
0.8,0.5,0.3 = 24,0.625,0.8
0.8,0.5,0.4 = 15,0.5,0.8
0.8,0.5,0.5 = 0,0.375,0.8
0.8,0.5,0.6 = 340,0.375,0.8
0.8,0.5,0.7 = 320,0.375,0.8
0.8,0.5,0.8 = 300,0.375,0.8
0.8,0.5,0.9 = 285,0.444444444444444,0.9
0.8,0.5,1 = 276,0.5,1
0.8,0.6,0 = 45,1,0.8
0.8,0.6,0.1 = 42.8571428571429,0.875,0.8
0.8,0.6,0.2 = 40,0.75,0.8
0.8,0.6,0.3 = 36,0.625,0.8
0.8,0.6,0.4 = 30,0.5,0.8
0.8,0.6,0.5 = 20,0.375,0.8
0.8,0.6,0.6 = 0,0.25,0.8
0.8,0.6,0.7 = 330,0.25,0.8
0.8,0.6,0.8 = 300,0.25,0.8
0.8,0.6,0.9 = 280,0.333333333333333,0.9
0.8,0.6,1 = 270,0.4,1
0.8,0.7,0 = 52.5,1,0.8
0.8,0.7,0.1 = 51.4285714285714,0.875,0.8
0.8,0.7,0.2 = 50,0.75,0.8
0.8,0.7,0.3 = 48,0.625,0.8
0.8,0.7,0.4 = 45,0.5,0.8
0.8,0.7,0.5 = 40,0.375,0.8
0.8,0.7,0.6 = 30,0.25,0.8
0.8,0.7,0.7 = 0,0.125,0.8
0.8,0.7,0.8 = 300,0.125,0.8
0.8,0.7,0.9 = 270,0.222222222222222,0.9
0.8,0.7,1 = 260,0.3,1
0.8,0.8,0 = 60,1,0.8
0.8,0.8,0.1 = 60,0.875,0.8
0.8,0.8,0.2 = 60,0.75,0.8
0.8,0.8,0.3 = 60,0.625,0.8
0.8,0.8,0.4 = 60,0.5,0.8
0.8,0.8,0.5 = 60,0.375,0.8
0.8,0.8,0.6 = 60,0.25,0.8
0.8,0.8,0.7 = 60,0.125,0.8
0.8,0.8,0.8 = 0,0,0.8
0.8,0.8,0.9 = 240,0.111111111111111,0.9
0.8,0.8,1 = 240,0.2,1
0.8,0.9,0 = 66.6666666666667,1,0.9
0.8,0.9,0.1 = 67.5,0.888888888888889,0.9
0.8,0.9,0.2 = 68.5714285714286,0.777777777777778,0.9
0.8,0.9,0.3 = 70,0.666666666666667,0.9
0.8,0.9,0.4 = 72,0.555555555555555,0.9
0.8,0.9,0.5 = 75,0.444444444444444,0.9
0.8,0.9,0.6 = 80,0.333333333333333,0.9
0.8,0.9,0.7 = 90,0.222222222222222,0.9
0.8,0.9,0.8 = 120,0.111111111111111,0.9
0.8,0.9,0.9 = 180,0.111111111111111,0.9
0.8,0.9,1 = 210,0.2,1
0.8,1,0 = 72,1,1
0.8,1,0.1 = 73.3333333333333,0.9,1
0.8,1,0.2 = 75,0.8,1
0.8,1,0.3 = 77.1428571428571,0.7,1
0.8,1,0.4 = 80,0.6,1
0.8,1,0.5 = 84,0.5,1
0.8,1,0.6 = 90,0.4,1
0.8,1,0.7 = 100,0.3,1
0.8,1,0.8 = 120,0.2,1
0.8,1,0.9 = 150,0.2,1
0.8,1,1 = 180,0.2,1
0.9,0,0 = 0,1,0.9
0.9,0,0.1 = 353.333333333333,1,0.9
0.9,0,0.2 = 346.666666666667,1,0.9
0.9,0,0.3 = 340,1,0.9
0.9,0,0.4 = 333.333333333333,1,0.9
0.9,0,0.5 = 326.666666666667,1,0.9
0.9,0,0.6 = 320,1,0.9
0.9,0,0.7 = 313.333333333333,1,0.9
0.9,0,0.8 = 306.666666666667,1,0.9
0.9,0,0.9 = 300,1,0.9
0.9,0,1 = 294,1,1
0.9,0.1,0 = 6.66666666666667,1,0.9
0.9,0.1,0.1 = 0,0.888888888888889,0.9
0.9,0.1,0.2 = 352.5,0.888888888888889,0.9
0.9,0.1,0.3 = 345,0.888888888888889,0.9
0.9,0.1,0.4 = 337.5,0.888888888888889,0.9
0.9,0.1,0.5 = 330,0.888888888888889,0.9
0.9,0.1,0.6 = 322.5,0.888888888888889,0.9
0.9,0.1,0.7 = 315,0.888888888888889,0.9
0.9,0.1,0.8 = 307.5,0.888888888888889,0.9
0.9,0.1,0.9 = 300,0.888888888888889,0.9
0.9,0.1,1 = 293.333333333333,0.9,1
0.9,0.2,0 = 13.3333333333333,1,0.9
0.9,0.2,0.1 = 7.5,0.888888888888889,0.9
0.9,0.2,0.2 = 0,0.777777777777778,0.9
0.9,0.2,0.3 = 351.428571428571,0.777777777777778,0.9
0.9,0.2,0.4 = 342.857142857143,0.777777777777778,0.9
0.9,0.2,0.5 = 334.285714285714,0.777777777777778,0.9
0.9,0.2,0.6 = 325.714285714286,0.777777777777778,0.9
0.9,0.2,0.7 = 317.142857142857,0.777777777777778,0.9
0.9,0.2,0.8 = 308.571428571429,0.777777777777778,0.9
0.9,0.2,0.9 = 300,0.777777777777778,0.9
0.9,0.2,1 = 292.5,0.8,1
0.9,0.3,0 = 20,1,0.9
0.9,0.3,0.1 = 15,0.888888888888889,0.9
0.9,0.3,0.2 = 8.57142857142857,0.777777777777778,0.9
0.9,0.3,0.3 = 0,0.666666666666667,0.9
0.9,0.3,0.4 = 350,0.666666666666667,0.9
0.9,0.3,0.5 = 340,0.666666666666667,0.9
0.9,0.3,0.6 = 330,0.666666666666667,0.9
0.9,0.3,0.7 = 320,0.666666666666667,0.9
0.9,0.3,0.8 = 310,0.666666666666667,0.9
0.9,0.3,0.9 = 300,0.666666666666667,0.9
0.9,0.3,1 = 291.428571428571,0.7,1
0.9,0.4,0 = 26.6666666666667,1,0.9
0.9,0.4,0.1 = 22.5,0.888888888888889,0.9
0.9,0.4,0.2 = 17.1428571428571,0.777777777777778,0.9
0.9,0.4,0.3 = 10,0.666666666666667,0.9
0.9,0.4,0.4 = 0,0.555555555555555,0.9
0.9,0.4,0.5 = 348,0.555555555555555,0.9
0.9,0.4,0.6 = 336,0.555555555555555,0.9
0.9,0.4,0.7 = 324,0.555555555555555,0.9
0.9,0.4,0.8 = 312,0.555555555555555,0.9
0.9,0.4,0.9 = 300,0.555555555555555,0.9
0.9,0.4,1 = 290,0.6,1
0.9,0.5,0 = 33.3333333333333,1,0.9
0.9,0.5,0.1 = 30,0.888888888888889,0.9
0.9,0.5,0.2 = 25.7142857142857,0.777777777777778,0.9
0.9,0.5,0.3 = 20,0.666666666666667,0.9
0.9,0.5,0.4 = 12,0.555555555555555,0.9
0.9,0.5,0.5 = 0,0.444444444444444,0.9
0.9,0.5,0.6 = 345,0.444444444444444,0.9
0.9,0.5,0.7 = 330,0.444444444444444,0.9
0.9,0.5,0.8 = 315,0.444444444444444,0.9
0.9,0.5,0.9 = 300,0.444444444444444,0.9
0.9,0.5,1 = 288,0.5,1
0.9,0.6,0 = 40,1,0.9
0.9,0.6,0.1 = 37.5,0.888888888888889,0.9
0.9,0.6,0.2 = 34.2857142857143,0.777777777777778,0.9
0.9,0.6,0.3 = 30,0.666666666666667,0.9
0.9,0.6,0.4 = 24,0.555555555555555,0.9
0.9,0.6,0.5 = 15,0.444444444444444,0.9
0.9,0.6,0.6 = 0,0.333333333333333,0.9
0.9,0.6,0.7 = 340,0.333333333333333,0.9
0.9,0.6,0.8 = 320,0.333333333333333,0.9
0.9,0.6,0.9 = 300,0.333333333333333,0.9
0.9,0.6,1 = 285,0.4,1
0.9,0.7,0 = 46.6666666666667,1,0.9
0.9,0.7,0.1 = 45,0.888888888888889,0.9
0.9,0.7,0.2 = 42.8571428571429,0.777777777777778,0.9
0.9,0.7,0.3 = 40,0.666666666666667,0.9
0.9,0.7,0.4 = 36,0.555555555555555,0.9
0.9,0.7,0.5 = 30,0.444444444444444,0.9
0.9,0.7,0.6 = 20,0.333333333333333,0.9
0.9,0.7,0.7 = 0,0.222222222222222,0.9
0.9,0.7,0.8 = 330,0.222222222222222,0.9
0.9,0.7,0.9 = 300,0.222222222222222,0.9
0.9,0.7,1 = 280,0.3,1
0.9,0.8,0 = 53.3333333333333,1,0.9
0.9,0.8,0.1 = 52.5,0.888888888888889,0.9
0.9,0.8,0.2 = 51.4285714285714,0.777777777777778,0.9
0.9,0.8,0.3 = 50,0.666666666666667,0.9
0.9,0.8,0.4 = 48,0.555555555555555,0.9
0.9,0.8,0.5 = 45,0.444444444444444,0.9
0.9,0.8,0.6 = 40,0.333333333333333,0.9
0.9,0.8,0.7 = 30,0.222222222222222,0.9
0.9,0.8,0.8 = 0,0.111111111111111,0.9
0.9,0.8,0.9 = 300,0.111111111111111,0.9
0.9,0.8,1 = 270,0.2,1
0.9,0.9,0 = 60,1,0.9
0.9,0.9,0.1 = 60,0.888888888888889,0.9
0.9,0.9,0.2 = 60,0.777777777777778,0.9
0.9,0.9,0.3 = 60,0.666666666666667,0.9
0.9,0.9,0.4 = 60,0.555555555555555,0.9
0.9,0.9,0.5 = 60,0.444444444444444,0.9
0.9,0.9,0.6 = 60,0.333333333333333,0.9
0.9,0.9,0.7 = 60,0.222222222222222,0.9
0.9,0.9,0.8 = 60,0.111111111111111,0.9
0.9,0.9,0.9 = 0,0,0.9
0.9,0.9,1 = 240,0.1,1
0.9,1,0 = 66,1,1
0.9,1,0.1 = 66.6666666666667,0.9,1
0.9,1,0.2 = 67.5,0.8,1
0.9,1,0.3 = 68.5714285714286,0.7,1
0.9,1,0.4 = 70,0.6,1
0.9,1,0.5 = 72,0.5,1
0.9,1,0.6 = 75,0.4,1
0.9,1,0.7 = 80,0.3,1
0.9,1,0.8 = 90,0.2,1
0.9,1,0.9 = 120,0.1,1
0.9,1,1 = 180,0.1,1
1,0,0 = 0,1,1
1,0,0.1 = 354,1,1
1,0,0.2 = 348,1,1
1,0,0.3 = 342,1,1
1,0,0.4 = 336,1,1
1,0,0.5 = 330,1,1
1,0,0.6 = 324,1,1
1,0,0.7 = 318,1,1
1,0,0.8 = 312,1,1
1,0,0.9 = 306,1,1
1,0,1 = 300,1,1
1,0.1,0 = 6,1,1
1,0.1,0.1 = 0,0.9,1
1,0.1,0.2 = 353.333333333333,0.9,1
1,0.1,0.3 = 346.666666666667,0.9,1
1,0.1,0.4 = 340,0.9,1
1,0.1,0.5 = 333.333333333333,0.9,1
1,0.1,0.6 = 326.666666666667,0.9,1
1,0.1,0.7 = 320,0.9,1
1,0.1,0.8 = 313.333333333333,0.9,1
1,0.1,0.9 = 306.666666666667,0.9,1
1,0.1,1 = 300,0.9,1
1,0.2,0 = 12,1,1
1,0.2,0.1 = 6.66666666666667,0.9,1
1,0.2,0.2 = 0,0.8,1
1,0.2,0.3 = 352.5,0.8,1
1,0.2,0.4 = 345,0.8,1
1,0.2,0.5 = 337.5,0.8,1
1,0.2,0.6 = 330,0.8,1
1,0.2,0.7 = 322.5,0.8,1
1,0.2,0.8 = 315,0.8,1
1,0.2,0.9 = 307.5,0.8,1
1,0.2,1 = 300,0.8,1
1,0.3,0 = 18,1,1
1,0.3,0.1 = 13.3333333333333,0.9,1
1,0.3,0.2 = 7.50000000000001,0.8,1
1,0.3,0.3 = 0,0.7,1
1,0.3,0.4 = 351.428571428571,0.7,1
1,0.3,0.5 = 342.857142857143,0.7,1
1,0.3,0.6 = 334.285714285714,0.7,1
1,0.3,0.7 = 325.714285714286,0.7,1
1,0.3,0.8 = 317.142857142857,0.7,1
1,0.3,0.9 = 308.571428571429,0.7,1
1,0.3,1 = 300,0.7,1
1,0.4,0 = 24,1,1
1,0.4,0.1 = 20,0.9,1
1,0.4,0.2 = 15,0.8,1
1,0.4,0.3 = 8.57142857142857,0.7,1
1,0.4,0.4 = 0,0.6,1
1,0.4,0.5 = 350,0.6,1
1,0.4,0.6 = 340,0.6,1
1,0.4,0.7 = 330,0.6,1
1,0.4,0.8 = 320,0.6,1
1,0.4,0.9 = 310,0.6,1
1,0.4,1 = 300,0.6,1
1,0.5,0 = 30,1,1
1,0.5,0.1 = 26.6666666666667,0.9,1
1,0.5,0.2 = 22.5,0.8,1
1,0.5,0.3 = 17.1428571428571,0.7,1
1,0.5,0.4 = 10,0.6,1
1,0.5,0.5 = 0,0.5,1
1,0.5,0.6 = 348,0.5,1
1,0.5,0.7 = 336,0.5,1
1,0.5,0.8 = 324,0.5,1
1,0.5,0.9 = 312,0.5,1
1,0.5,1 = 300,0.5,1
1,0.6,0 = 36,1,1
1,0.6,0.1 = 33.3333333333333,0.9,1
1,0.6,0.2 = 30,0.8,1
1,0.6,0.3 = 25.7142857142857,0.7,1
1,0.6,0.4 = 20,0.6,1
1,0.6,0.5 = 12,0.5,1
1,0.6,0.6 = 0,0.4,1
1,0.6,0.7 = 345,0.4,1
1,0.6,0.8 = 330,0.4,1
1,0.6,0.9 = 315,0.4,1
1,0.6,1 = 300,0.4,1
1,0.7,0 = 42,1,1
1,0.7,0.1 = 40,0.9,1
1,0.7,0.2 = 37.5,0.8,1
1,0.7,0.3 = 34.2857142857143,0.7,1
1,0.7,0.4 = 30,0.6,1
1,0.7,0.5 = 24,0.5,1
1,0.7,0.6 = 15,0.4,1
1,0.7,0.7 = 0,0.3,1
1,0.7,0.8 = 340,0.3,1
1,0.7,0.9 = 320,0.3,1
1,0.7,1 = 300,0.3,1
1,0.8,0 = 48,1,1
1,0.8,0.1 = 46.6666666666667,0.9,1
1,0.8,0.2 = 45,0.8,1
1,0.8,0.3 = 42.8571428571429,0.7,1
1,0.8,0.4 = 40,0.6,1
1,0.8,0.5 = 36,0.5,1
1,0.8,0.6 = 30,0.4,1
1,0.8,0.7 = 20,0.3,1
1,0.8,0.8 = 0,0.2,1
1,0.8,0.9 = 330,0.2,1
1,0.8,1 = 300,0.2,1
1,0.9,0 = 54,1,1
1,0.9,0.1 = 53.3333333333333,0.9,1
1,0.9,0.2 = 52.5,0.8,1
1,0.9,0.3 = 51.4285714285714,0.7,1
1,0.9,0.4 = 50,0.6,1
1,0.9,0.5 = 48,0.5,1
1,0.9,0.6 = 45,0.4,1
1,0.9,0.7 = 40,0.3,1
1,0.9,0.8 = 30,0.2,1
1,0.9,0.9 = 0,0.1,1
1,0.9,1 = 300,0.1,1
1,1,0 = 60,1,1
1,1,0.1 = 60,0.9,1
1,1,0.2 = 60,0.8,1
1,1,0.3 = 60,0.7,1
1,1,0.4 = 60,0.6,1
1,1,0.5 = 60,0.5,1
1,1,0.6 = 60,0.4,1
1,1,0.7 = 60,0.3,1
1,1,0.8 = 60,0.2,1
1,1,0.9 = 60,0.1,1
1,1,1 = 0,0,1
